{"result": [{ "input": [ { "name": "y", "value": "leftorifgorbitalpartoftheinferiorfrontalgyrus,rightcalccalcarinecortex,rightprgprecentralgyrus,rightputamen,leftitginferiortemporalgyrus" }, { "name": "pathology", "value": "dementia" }, { "name": "dataset", "value": "adni, ppmi, edsd" }, { "name": "filter", "value": "" } ], "output": [ { "name": "n_obs", "value": "3146" }, { "name": "eigen_vals", "value": "array([0.01847194, 0.14890133, 0.17462566, 0.88913878, 3.89204435])" }, { "name": "eigen_vecs", "value": "array([[-0.99446909,  0.00857486,  0.05656495,  0.0816712 ,  0.03298378],       [-0.02866874,  0.90338899,  0.01086761, -0.42103968, -0.07532541],       [-0.05935186, -0.39717674,  0.17196142, -0.87839205,  0.19386765],       [-0.00272744,  0.0874421 , -0.57500113,  0.02751345,  0.8129964 ],       [-0.08172673, -0.13571777, -0.79780027, -0.2091072 , -0.54285389]])" } ] },{ "input": [ { "name": "y", "value": "rightmcggmiddlecingulategyrus,leftputamen,rightangangulargyrus,leftgregyrusrectus,leftainsanteriorinsula" }, { "name": "pathology", "value": "dementia" }, { "name": "dataset", "value": "adni, ppmi, edsd" }, { "name": "filter", "value": "" } ], "output": [ { "name": "n_obs", "value": "3145" }, { "name": "eigen_vals", "value": "array([0.02638557, 0.09493997, 0.16485429, 0.31584001, 2.08988789])" }, { "name": "eigen_vecs", "value": "array([[-0.1257003 , -0.08514328, -0.03895821,  0.9775759 , -0.14063314],       [ 0.29025235,  0.4288766 ,  0.01828704, -0.04744457, -0.85395142],       [ 0.69323037, -0.71025476,  0.01108094,  0.01025227, -0.12141637],       [-0.55789394, -0.46907852,  0.53088926, -0.14977157, -0.4055179 ],       [-0.32884498, -0.29037733, -0.84627516, -0.13984901, -0.26796005]])" } ] },{ "input": [ { "name": "y", "value": "rightaccumbensarea,rightainsanteriorinsula,rightmfcmedialfrontalcortex,rightamygdala,leftlateralventricle" }, { "name": "pathology", "value": "dementia" }, { "name": "dataset", "value": "adni, ppmi, edsd" }, { "name": "filter", "value": "" } ], "output": [ { "name": "n_obs", "value": "2071" }, { "name": "eigen_vals", "value": "array([1.24272475e-03, 7.98165354e-03, 3.00868702e-02, 3.32164392e-01,       7.62493675e+01])" }, { "name": "eigen_vecs", "value": "array([[-9.77062940e-01,  3.36193997e-02,  8.36154308e-02,         1.92939617e-01, -7.15292338e-04],       [ 1.70884562e-01, -7.04726847e-02, -1.96649647e-01,         9.62887790e-01,  2.84398337e-03],       [-8.71227063e-02,  4.36304250e-01, -8.85564956e-01,        -1.33452960e-01, -3.64026313e-03],       [-9.24957217e-02, -8.96364381e-01, -4.12446174e-01,        -1.33444244e-01,  7.49837673e-03],       [-8.08491859e-04,  8.53434411e-03,  4.88084192e-04,        -2.08569873e-03,  9.99960961e-01]])" } ] },{ "input": [ { "name": "y", "value": "rightlateralventricle,rightopifgopercularpartoftheinferiorfrontalgyrus,leftbasalforebrain,rightpallidum,rightpcuprecuneus" }, { "name": "pathology", "value": "dementia" }, { "name": "dataset", "value": "adni, ppmi, edsd" }, { "name": "filter", "value": "" } ], "output": [ { "name": "n_obs", "value": "2071" }, { "name": "eigen_vals", "value": "array([9.13828938e-04, 2.69611600e-02, 1.66512138e-01, 1.77118188e+00,       6.42000445e+01])" }, { "name": "eigen_vecs", "value": "array([[ 3.59102145e-04, -1.62934220e-02,  9.99284012e-01,        -2.92554381e-02, -1.76062181e-02],       [ 3.03749388e-03,  1.46534907e-01, -2.59092447e-02,        -9.88207092e-01,  3.59687190e-02],       [-1.68035540e-04, -9.58307071e-01, -1.50521592e-02,        -1.32508970e-01,  2.52709981e-01],       [ 7.79188554e-03, -2.44760893e-01, -2.30997213e-02,        -7.08497633e-02, -9.66684077e-01],       [ 9.99964951e-01,  1.30691714e-03, -1.02688372e-04,         3.54208986e-03,  7.47208550e-03]])" } ] },{ "input": [ { "name": "y", "value": "av45,rightpoparietaloperculum,leftpcuprecuneus,leftsplsuperiorparietallobule,rightpinsposteriorinsula" }, { "name": "pathology", "value": "dementia" }, { "name": "dataset", "value": "adni, ppmi, edsd" }, { "name": "filter", "value": "" } ], "output": [ { "name": "n_obs", "value": "467" }, { "name": "eigen_vals", "value": "array([0.02626347, 0.05184277, 0.06596177, 0.27428035, 2.63595585])" }, { "name": "eigen_vecs", "value": "array([[ 0.15561697,  0.6000791 ,  0.04545946, -0.03797429, -0.78241921],       [ 0.95747278, -0.28233943,  0.04139573,  0.03425408, -0.02536482],       [ 0.24097559,  0.73226021, -0.22475027,  0.0127278 ,  0.59586162],       [-0.02678404, -0.09119743, -0.68154848,  0.71004043, -0.14933149],       [-0.015576  ,  0.12517005,  0.69368495,  0.70218601,  0.09912534]])" } ] },{ "input": [ { "name": "y", "value": "leftprgprecentralgyrus,rightmcggmiddlecingulategyrus,rightmsfgsuperiorfrontalgyrusmedialsegment,leftsmgsupramarginalgyrus,opticchiasm" }, { "name": "pathology", "value": "dementia" }, { "name": "dataset", "value": "adni, ppmi, edsd" }, { "name": "filter", "value": "" } ], "output": [ { "name": "n_obs", "value": "2071" }, { "name": "eigen_vals", "value": "array([7.66472975e-05, 1.42117393e-01, 4.43393551e-01, 6.84246393e-01,       5.41664586e+00])" }, { "name": "eigen_vecs", "value": "array([[ 3.71464444e-05,  2.58664151e-04,  2.07267194e-03,         1.80244489e-04, -9.99997802e-01],       [-1.61311687e-02,  9.19066144e-01, -3.89233884e-01,        -5.96142214e-02, -5.80370314e-04],       [ 2.10998018e-01, -2.70648888e-01, -7.36987538e-01,         5.82302482e-01, -1.48474918e-03],       [ 6.25906375e-01, -1.65502106e-01, -3.10097160e-01,        -6.96196375e-01, -7.87776241e-04],       [-7.50640280e-01, -2.33828118e-01, -4.57363978e-01,        -4.15548479e-01, -1.11123482e-03]])" } ] },{ "input": [ { "name": "y", "value": "leftporgposteriororbitalgyrus,leftsogsuperioroccipitalgyrus,leftbasalforebrain,leftppplanumpolare,leftcerebralwhitematter" }, { "name": "pathology", "value": "dementia" }, { "name": "dataset", "value": "adni, ppmi, edsd" }, { "name": "filter", "value": "" } ], "output": [ { "name": "n_obs", "value": "2071" }, { "name": "eigen_vals", "value": "array([7.06640335e-04, 2.63460678e-02, 5.70547137e-02, 1.94389475e-01,       1.02857589e+03])" }, { "name": "eigen_vecs", "value": "array([[ 5.58434204e-02,  1.48942620e-02, -9.97187889e-01,         4.77068756e-02,  2.01418542e-04],       [-6.45378049e-01,  3.09760934e-02,  8.35161901e-04,         7.63234521e-01,  1.52149214e-04],       [-7.27022969e-01,  2.74455562e-01, -6.65539494e-02,        -6.25825212e-01,  5.01215155e-03],       [ 2.27537035e-01,  9.60958437e-01,  3.44307927e-02,         1.53364750e-01, -8.91932581e-03],       [-5.76067381e-03, -7.18815200e-03, -8.41447068e-04,        -4.37913574e-03, -9.99947629e-01]])" } ] },{ "input": [ { "name": "y", "value": "leftmsfgsuperiorfrontalgyrusmedialsegment,rightventraldc,leftsogsuperioroccipitalgyrus,rightmfcmedialfrontalcortex,leftcocentraloperculum" }, { "name": "pathology", "value": "dementia" }, { "name": "dataset", "value": "adni, ppmi, edsd" }, { "name": "filter", "value": "" } ], "output": [ { "name": "n_obs", "value": "3146" }, { "name": "eigen_vals", "value": "array([0.01459237, 0.09154459, 0.10946746, 0.17477389, 1.32411801])" }, { "name": "eigen_vecs", "value": "array([[-0.19175631, -0.04838093, -0.04971569,  0.97764358, -0.05128541],       [ 0.35108426,  0.23002296,  0.00108801,  0.03271796, -0.90705988],       [ 0.19290411, -0.8604925 ,  0.44931666,  0.01061999, -0.14262686],       [-0.35484001,  0.37409743,  0.85574357, -0.00976177, -0.04180107],       [-0.82270647, -0.25367794, -0.25168362, -0.20720641, -0.3905412 ]])" } ] },{ "input": [ { "name": "y", "value": "leftpogpostcentralgyrus,rightlateralventricle,rightpogpostcentralgyrus,rightopifgopercularpartoftheinferiorfrontalgyrus,leftlateralventricle" }, { "name": "pathology", "value": "dementia" }, { "name": "dataset", "value": "adni, ppmi, edsd" }, { "name": "filter", "value": "" } ], "output": [ { "name": "n_obs", "value": "2071" }, { "name": "eigen_vals", "value": "array([1.31225920e-01, 2.98691906e-01, 4.20751764e+00, 4.73550072e+00,       1.36230661e+02])" }, { "name": "eigen_vecs", "value": "array([[ 7.20388125e-02, -2.50604113e-04,  1.64427620e-01,        -9.83754569e-01,  9.22832119e-04],       [ 7.02085078e-01,  4.72342002e-03, -7.08907178e-01,        -6.70795649e-02, -2.27543605e-03],       [ 3.91170923e-02,  7.37233787e-01,  4.49089880e-02,         9.55163289e-03, -6.72939927e-01],       [-7.07358942e-01,  4.57797990e-02, -6.84391430e-01,        -1.66238224e-01, -3.89969184e-02],       [ 3.65124176e-04,  6.74068379e-01,  2.39226683e-03,         9.47794084e-04,  7.38664380e-01]])" } ] },{ "input": [ { "name": "y", "value": "rightmorgmedialorbitalgyrus,lefttmptemporalpole,rightsfgsuperiorfrontalgyrus,_4thventricle,rightacgganteriorcingulategyrus,rightsplsuperiorparietallobule,rightcaudate,rightmtgmiddletemporalgyrus,rightpcuprecuneus,rightporgposteriororbitalgyrus" }, { "name": "pathology", "value": "dementia" }, { "name": "dataset", "value": "adni, ppmi, edsd" }, { "name": "filter", "value": "" } ], "output": [ { "name": "n_obs", "value": "2071" }, { "name": "eigen_vals", "value": "array([0.0204539 , 0.06750112, 0.13323333, 0.17364382, 0.25208416,       0.28833997, 0.45470042, 0.83050944, 1.51607734, 9.33321783])" }, { "name": "eigen_vecs", "value": "array([[ 2.98599364e-01,  3.10336048e-02,  9.88070709e-03,        -1.75853551e-02,  5.09070676e-02,  2.02900210e-03,         2.02837392e-02,  9.57442220e-03,  3.36295705e-03,        -9.52028574e-01],       [-8.88315449e-01,  8.47656443e-02,  6.48112172e-02,        -1.42691350e-01,  2.84850683e-01, -6.34101760e-03,         1.81919023e-01,  2.26868255e-02,  1.63547743e-02,        -2.53164594e-01],       [ 6.35474277e-02, -4.10531960e-02, -3.77005599e-02,        -7.68940462e-02, -3.86594208e-01, -8.90702321e-02,         9.09463017e-01, -2.46731982e-02,  3.86920226e-02,         1.80257102e-02],       [-2.69407605e-01,  1.46732759e-01,  1.82812470e-01,        -1.16267105e-02, -8.45692327e-01,  8.65160417e-03,        -3.31030497e-01,  1.63556920e-02,  1.74795830e-01,        -1.29076786e-01],       [-3.69642063e-02,  6.34986296e-01, -5.69808706e-02,         7.15047004e-01,  2.35946481e-02,  3.57968935e-02,         1.03958074e-01, -2.08862319e-01, -1.56855765e-01,        -3.79584403e-03],       [-1.49489939e-01, -6.57441294e-01,  3.76048162e-02,         6.68298874e-01, -5.47068447e-02, -1.49056424e-02,         2.28640520e-02,  2.94811807e-01,  1.95207178e-02,        -7.97079279e-02],       [-3.52766944e-02, -2.60803320e-02,  1.60398288e-03,        -1.10751200e-01, -1.48204648e-01,  5.59505075e-01,         2.30932474e-02,  2.20654798e-01, -7.75434464e-01,        -1.66125663e-02],       [ 3.86767123e-02,  1.43106986e-01,  3.15383944e-01,        -3.90397996e-02,  1.75178021e-03, -7.38774271e-01,        -2.99302223e-02,  3.86154583e-01, -4.25192263e-01,         2.10530685e-02],       [-2.02294338e-02,  2.38478990e-01, -6.87433822e-01,        -2.94917910e-02, -3.93143779e-02, -7.77942739e-03,        -2.62518860e-02,  6.58102885e-01,  1.84088248e-01,        -5.70315648e-04],       [-1.35100672e-01, -2.34876905e-01, -6.19809923e-01,        -2.65848823e-02, -1.56700708e-01, -3.62698016e-01,        -1.27834055e-01, -4.86905109e-01, -3.55963784e-01,        -7.40016389e-02]])" } ] },{ "input": [ { "name": "y", "value": "leftmtgmiddletemporalgyrus,rightorifgorbitalpartoftheinferiorfrontalgyrus,rightphgparahippocampalgyrus,leftlorglateralorbitalgyrus,rightmprgprecentralgyrusmedialsegment,rightangangulargyrus,rightmfcmedialfrontalcortex,rightmtgmiddletemporalgyrus,leftmprgprecentralgyrusmedialsegment,cerebellarvermallobulesiv" }, { "name": "pathology", "value": "dementia" }, { "name": "dataset", "value": "adni, ppmi, edsd" }, { "name": "filter", "value": "" } ], "output": [ { "name": "n_obs", "value": "2071" }, { "name": "eigen_vals", "value": "array([0.01105025, 0.01609671, 0.02905576, 0.03385198, 0.079514  ,       0.14418747, 0.20743695, 0.36789044, 0.73879579, 6.91239851])" }, { "name": "eigen_vecs", "value": "array([[ 8.43775695e-03,  8.84367475e-01,  9.07521624e-03,        -4.39900171e-01,  1.68254034e-02, -5.94209933e-04,        -1.51217785e-01, -8.74927664e-03, -3.13833080e-02,        -4.08981771e-03],       [-5.25708090e-03, -1.06304373e-01, -6.57975638e-02,        -5.04499334e-01,  2.74245502e-02, -7.63581979e-03,         8.52929067e-01, -9.74063806e-05, -3.87995762e-02,        -4.36168383e-03],       [ 4.02259154e-02,  5.12712673e-02, -9.30181213e-01,         1.12472947e-01,  2.56613477e-01, -5.49975014e-03,        -1.56960882e-02,  5.57721871e-02, -2.03278026e-01,         8.54768709e-02],       [ 3.00425609e-02, -6.11763345e-03, -3.28741103e-01,        -8.51443087e-02, -6.06370036e-01,  7.01951548e-04,        -2.39872684e-02,  9.53434014e-03,  7.16858648e-01,         3.87559815e-02],       [ 2.40995817e-02, -4.03355978e-01, -2.74953188e-02,        -6.59943269e-01,  3.87128988e-01,  6.02053111e-02,        -4.44532661e-01,  3.96912566e-02,  2.14211853e-01,         4.33257460e-02],       [-6.05402700e-03, -1.58068279e-01, -2.94758478e-02,        -2.46881336e-01, -5.65100887e-01,  2.25011715e-01,        -1.70664736e-01,  1.60896996e-02, -5.52755660e-01,         4.56360728e-01],       [-7.58573749e-02,  9.17452237e-02,  1.11145587e-01,         1.35001395e-01,  2.61440481e-01, -1.98523417e-01,         1.05030656e-01, -7.55546477e-02,  2.49429825e-01,         8.76659512e-01],       [ 6.94385852e-01, -1.14243391e-02, -5.69559857e-03,         3.86534717e-03,  1.94269178e-02,  7.70667378e-02,         4.47742246e-03, -7.14925181e-01, -6.01804802e-03,         1.26264450e-02],       [ 3.73711136e-01, -6.28029237e-02,  1.36918444e-02,        -9.38834002e-02, -1.40130515e-01, -8.54365067e-01,        -6.97659702e-02,  2.67731343e-01, -1.43153005e-01,        -2.78898765e-02],       [ 6.07599359e-01,  6.12686478e-02,  8.99024594e-02,         9.24046635e-02,  8.86382830e-02,  4.12753137e-01,         7.85424426e-02,  6.37480301e-01,  9.01755474e-02,         1.07445430e-01]])" } ] },{ "input": [ { "name": "y", "value": "leftsfgsuperiorfrontalgyrus,rightmpogpostcentralgyrusmedialsegment,rightlateralventricle,leftmcggmiddlecingulategyrus,leftthalamusproper,rightprgprecentralgyrus,rightfugfusiformgyrus,leftsplsuperiorparietallobule,rightgregyrusrectus,leftfrpfrontalpole" }, { "name": "pathology", "value": "dementia" }, { "name": "dataset", "value": "adni, ppmi, edsd" }, { "name": "filter", "value": "" } ], "output": [ { "name": "n_obs", "value": "2071" }, { "name": "eigen_vals", "value": "array([1.83890221e-02, 2.10540979e-02, 6.85894136e-02, 1.79571568e-01,       2.79714260e-01, 6.29228150e-01, 8.64587146e-01, 1.03746005e+00,       9.27050849e+00, 6.42379915e+01])" }, { "name": "eigen_vecs", "value": "array([[ 2.12126411e-02, -8.09220695e-01,  1.21972164e-04,         3.13640328e-02,  1.29824721e-02,  1.40310866e-02,         3.63589704e-02,  2.10388754e-02, -5.49635229e-01,         1.98744214e-01],       [-5.80389226e-03, -5.85527324e-01,  3.80735338e-03,        -3.13038647e-03, -4.58627142e-03,  1.59969764e-02,        -1.96323365e-02,  1.33290732e-02,  7.54851276e-01,        -2.94039613e-01],       [ 6.95175595e-02,  2.17962363e-02,  2.89985340e-03,         3.37742047e-01,  6.90717069e-02,  4.28626950e-02,        -8.80331369e-04,  2.29734351e-02, -3.23624889e-01,        -8.76780702e-01],       [-1.12782939e-01,  6.53117700e-03, -7.17546708e-03,         8.74216183e-01,  4.29286709e-02, -1.78592894e-01,        -3.12029604e-01, -1.53343567e-03,  1.13298412e-01,         2.81055656e-01],       [-7.97265148e-02,  1.26273582e-02, -3.98043709e-03,         2.75965533e-01, -4.70476048e-01, -6.02383675e-02,         8.25523570e-01, -8.38459537e-02,  4.72257734e-02,         3.98178193e-02],       [ 4.98840247e-02, -3.78676653e-03,  1.91550809e-02,         2.25704408e-02,  7.62999494e-01, -2.92547148e-01,         3.62312218e-01, -4.41694729e-01,  3.81278789e-02,         3.24149469e-02],       [ 4.49301075e-01, -8.66867599e-04, -8.93876800e-06,        -8.04520351e-02, -7.67189660e-02, -7.71182308e-01,         1.59071133e-02,  4.35914134e-01,  2.11082629e-04,        -2.78046417e-02],       [-5.89971703e-01,  1.60515924e-02,  1.34756600e-02,        -9.48131546e-03,  3.46814026e-01,  2.06114689e-02,         2.15960172e-01,  6.95731575e-01,  1.21529285e-03,        -4.09254174e-03],       [-6.50520357e-01, -3.69546877e-02, -5.62706603e-03,        -1.93465678e-01, -2.51019023e-01, -5.30523065e-01,        -2.02930239e-01, -3.50214838e-01, -8.27115964e-02,        -1.51193216e-01],       [ 2.03020414e-03,  2.01088258e-03,  9.99664731e-01,         5.00780746e-03, -2.24586678e-02,  6.25863695e-04,        -9.87554455e-03, -3.34733251e-03, -2.08037107e-03,         4.39769532e-03]])" } ] },{ "input": [ { "name": "y", "value": "leftprgprecentralgyrus,righthippocampus,leftmtgmiddletemporalgyrus,leftangangulargyrus,leftmfgmiddlefrontalgyrus,leftaccumbensarea,rightphgparahippocampalgyrus,rightgregyrusrectus,rightlorglateralorbitalgyrus,rightpinsposteriorinsula" }, { "name": "pathology", "value": "dementia" }, { "name": "dataset", "value": "adni, ppmi, edsd" }, { "name": "filter", "value": "" } ], "output": [ { "name": "n_obs", "value": "3146" }, { "name": "eigen_vals", "value": "array([1.49957747e-03, 1.55490986e-02, 1.69375086e-02, 3.20730559e-02,       4.48052709e-02, 8.99199554e-02, 4.43424305e-01, 8.93186502e-01,       1.52638365e+00, 1.06905873e+01])" }, { "name": "eigen_vecs", "value": "array([[ 4.84188721e-03,  3.05463072e-02,  1.17828618e-03,         5.01958725e-03,  3.79240165e-03, -9.97279045e-01,         5.00096592e-03,  6.33777660e-02,  1.90468916e-02,         5.69949132e-03],       [ 6.44710751e-03,  3.55833750e-01,  1.96510777e-02,         1.68048048e-03, -4.08947175e-03, -1.56061437e-02,        -5.97345380e-01, -5.24017390e-01,  4.82185542e-01,         9.36636973e-02],       [ 6.60875485e-03,  3.48541961e-01,  1.94835763e-02,        -4.90445898e-03, -1.70630418e-03,  3.36592483e-02,        -6.22018070e-01,  5.41627317e-01, -4.42987978e-01,         2.07443471e-02],       [ 2.82931066e-02,  1.22683067e-02,  1.11277565e-02,         7.05200864e-03,  5.41635934e-02, -4.23764796e-02,         2.76980064e-02, -5.31306284e-01, -6.56671998e-01,         5.29031483e-01],       [ 1.60713211e-02,  3.05192299e-01, -9.98114148e-03,         5.38305094e-02,  6.06668617e-02, -2.32355826e-02,         8.35911242e-02, -3.51433886e-01, -3.47431834e-01,        -8.05095979e-01],       [ 2.47750429e-02, -7.99193444e-01,  1.80546673e-01,         3.78636331e-02,  3.79500080e-02, -3.81189701e-02,        -4.84726255e-01, -1.30723561e-01, -1.14497288e-01,        -2.42062390e-01],       [ 1.75254181e-01,  4.13449554e-02,  3.85226663e-01,        -9.03135193e-01,  3.09350457e-02, -2.73932496e-03,         3.69675300e-02, -1.20531104e-02, -6.37116044e-03,        -3.17310570e-02],       [-8.18117436e-01, -2.81268067e-03,  7.88215632e-04,        -1.40331021e-01,  5.57370689e-01, -2.07112063e-03,        -1.15980003e-02,  6.46193977e-03,  9.38878094e-03,         7.19301089e-03],       [-3.08419797e-01,  1.08111364e-01,  8.12666379e-01,         2.81431579e-01, -3.80867275e-01,  3.42225674e-03,         8.85589407e-02,  2.92610161e-03, -4.79767009e-03,         2.47573492e-02],       [-4.50628214e-01, -7.45611918e-02, -3.96970325e-01,        -2.84635049e-01, -7.31595977e-01, -1.56777118e-02,        -6.47225830e-02, -7.03739591e-02, -7.55485986e-02,        -4.94442012e-02]])" } ] },{ "input": [ { "name": "y", "value": "leftcerebellumexterior,leftmcggmiddlecingulategyrus,rightmcggmiddlecingulategyrus,leftmsfgsuperiorfrontalgyrusmedialsegment,rightofugoccipitalfusiformgyrus,rightliglingualgyrus,leftbasalforebrain,leftcaudate,leftmfcmedialfrontalcortex,leftgregyrusrectus" }, { "name": "pathology", "value": "dementia" }, { "name": "dataset", "value": "adni, ppmi, edsd" }, { "name": "filter", "value": "" } ], "output": [ { "name": "n_obs", "value": "2071" }, { "name": "eigen_vals", "value": "array([7.06289897e-04, 8.66177587e-03, 3.40305094e-02, 3.90027931e-02,       4.33066566e-02, 1.21342972e-01, 1.81493330e-01, 4.40664358e-01,       1.42636748e+00, 4.21682238e+01])" }, { "name": "eigen_vecs", "value": "array([[ 3.12397247e-05,  7.71340413e-04, -2.94402618e-03,        -8.39486470e-04,  5.57582940e-03,  1.18672291e-02,        -9.98041352e-01,  1.30938388e-02,  1.88258687e-02,         5.66189706e-02],       [ 6.47174648e-04,  1.76469012e-02, -3.70808363e-02,        -5.88744306e-02, -2.09678498e-02,  7.38939649e-03,        -1.67957494e-02, -8.80189761e-03,  8.18809503e-01,        -5.68809419e-01],       [-6.75127969e-04, -6.77696307e-02,  1.27761050e-01,         2.16166691e-01,  1.65787635e-01, -1.83917352e-02,        -5.32163385e-02,  9.44529386e-02, -5.20626610e-01,        -7.88496480e-01],       [ 6.23459102e-04, -7.05085425e-01,  6.88194221e-01,        -2.67663431e-02,  2.15695766e-02, -3.16575451e-02,         5.85063821e-03,  5.96112089e-02,  1.15753950e-01,         1.00360760e-01],       [ 7.76727506e-03, -4.12863856e-03,  7.30799016e-02,         3.43447463e-02, -8.92877695e-01,  4.17199078e-01,        -7.73669862e-03,  3.55708630e-02, -9.55576165e-02,        -1.07983056e-01],       [ 5.06060825e-03,  3.91195250e-02,  1.40953305e-01,         1.93648102e-01,  2.13523746e-02,  7.64944006e-02,        -1.41964467e-02, -9.66147392e-01, -1.28929394e-02,        -3.09962018e-02],       [-3.77472803e-03,  4.84605569e-01,  5.01722435e-01,        -6.90125670e-01,  8.64210586e-02,  1.20388218e-01,        -5.12273053e-03, -3.03075207e-02, -9.05926997e-02,        -7.76569683e-02],       [-3.63071891e-02, -2.81010706e-01, -2.63323330e-01,        -1.95594812e-01,  3.59800680e-01,  8.25720863e-01,         1.16972495e-02, -1.56090021e-02, -2.11380005e-02,        -4.41698294e-03],       [ 1.66946332e-01, -4.22590242e-01, -3.98780282e-01,        -6.22053158e-01, -1.85102799e-01, -3.39229661e-01,        -1.81003286e-02, -2.22849830e-01, -1.61594085e-01,        -1.48756309e-01],       [-9.85245785e-01, -6.33272743e-02, -5.81667894e-02,        -9.44911149e-02, -5.19980374e-02, -8.46912969e-02,        -3.61488415e-03, -4.17842284e-02, -2.61066082e-02,        -2.55244485e-02]])" } ] },{ "input": [ { "name": "y", "value": "rightmpogpostcentralgyrusmedialsegment,leftporgposteriororbitalgyrus,leftfofrontaloperculum,leftmsfgsuperiorfrontalgyrusmedialsegment,rightpoparietaloperculum,rightacgganteriorcingulategyrus,leftsogsuperioroccipitalgyrus,leftententorhinalarea,rightliglingualgyrus,leftaccumbensarea,rightppplanumpolare,rightangangulargyrus,leftcaudate,subjectage,rightcaudate" }, { "name": "pathology", "value": "dementia" }, { "name": "dataset", "value": "adni, ppmi, edsd" }, { "name": "filter", "value": "" } ], "output": [ { "name": "n_obs", "value": "1793" }, { "name": "eigen_vals", "value": "array([8.71750932e-04, 1.76385052e-02, 1.83565763e-02, 1.99216286e-02,       2.20824548e-02, 2.33733375e-02, 3.65405259e-02, 5.81403905e-02,       9.58549240e-02, 1.07818701e-01, 2.31098658e-01, 3.24526872e-01,       4.71884906e-01, 2.81552288e+00, 6.35287758e+01])" }, { "name": "eigen_vecs", "value": "array([[-5.89701325e-03, -3.22256541e-02, -2.02350205e-02,        -8.07621062e-03, -9.46794434e-03,  2.69744303e-03,        -3.53270015e-03, -5.70303084e-02,  2.64001505e-03,         9.95176799e-01,  1.27622794e-02, -1.41458765e-03,        -6.73293726e-02,  6.67991895e-04,  2.79255271e-03],       [-4.86840212e-01,  1.43152288e-01,  1.08965269e-01,        -1.31757382e-02, -1.91230953e-02,  2.63145409e-02,         1.52161182e-02, -2.12280686e-02,  1.27732495e-02,        -4.06869056e-02, -1.28388950e-01,  1.66664758e-02,        -6.38895946e-01, -5.51641609e-05,  5.49489386e-01],       [ 8.08791912e-01,  4.19641739e-02, -1.13171712e-02,        -1.38426864e-02,  9.61463382e-02,  1.09136654e-02,        -4.47076328e-02,  8.58831965e-02, -1.71564136e-02,        -4.60106479e-03, -3.99597624e-01, -1.90528144e-02,        -3.02122092e-01,  8.62334371e-04,  2.70927563e-01],       [ 1.65852511e-03,  3.54665879e-01, -8.87130251e-01,         4.48379037e-02,  1.85608523e-01,  2.12584127e-02,         1.17476158e-02, -1.28855292e-01, -5.50883593e-03,        -1.80173536e-02,  1.63117384e-01, -1.00391087e-02,        -5.84820894e-02, -4.57475483e-04,  5.54193646e-02],       [-3.21160217e-01,  2.20319847e-03, -1.43183746e-01,         4.64804017e-02,  2.73640114e-01,  5.82800306e-02,        -6.84727774e-02,  1.77915365e-01,  4.98627993e-02,         3.45710682e-02, -8.22105411e-01,  1.36385534e-02,         2.31401168e-01,  2.45264367e-03, -1.62154511e-01],       [-4.48453924e-02, -6.19431239e-01, -2.69185731e-01,         7.81734472e-02,  1.11556114e-01, -2.79999053e-02,        -4.47239214e-04,  6.76507166e-01, -3.42325901e-02,         3.76019381e-03,  1.90315312e-01, -2.17302190e-03,        -1.22920922e-01,  3.87745917e-04,  1.10952808e-01],       [ 2.53386586e-03,  6.45645147e-01,  1.01504146e-01,        -6.94308425e-02, -2.68572187e-01, -3.17820698e-02,        -6.77904375e-02,  6.82388761e-01, -6.46254044e-02,         6.17238617e-02,  6.97447898e-02, -4.52390297e-02,         5.11466461e-02,  5.53996543e-03, -8.41264006e-02],       [ 5.99080972e-04, -1.73383927e-01, -2.73550229e-01,         2.07243280e-01, -8.76681940e-01,  6.55520080e-02,         1.01047637e-02, -7.52477009e-02,  5.81644846e-02,        -1.54594191e-02, -2.40350081e-01,  5.07859706e-02,         5.97404557e-02, -2.21425385e-03,  7.73449113e-02],       [ 9.61066512e-03, -3.05499149e-02, -2.53244483e-02,        -3.89465684e-01, -3.21844125e-02,  7.17173449e-01,         5.31391120e-01,  4.38866232e-02, -2.13519193e-01,        -6.20356865e-04, -2.15331089e-02, -1.84492493e-02,         1.42943396e-02,  1.77104053e-03, -1.92612348e-02],       [-2.57604509e-03, -5.25608367e-02, -2.13483440e-02,        -3.07862841e-01, -2.07156595e-02,  4.79184943e-01,        -7.58850175e-01, -1.33354373e-02,  2.76377321e-01,        -8.00719649e-03,  9.09265638e-02,  4.11708994e-02,         5.41269302e-02, -3.74515554e-03,  8.10043235e-02],       [-1.17964130e-02, -8.02299847e-03, -2.38142324e-02,        -3.54376569e-01,  3.75280391e-03, -2.58694484e-01,         7.59058961e-02,  5.27580688e-03, -5.26859169e-02,         3.52959178e-02, -4.87584096e-03,  1.45636070e-02,         5.81633679e-01, -4.41986400e-03,  6.77012108e-01],       [ 1.70977211e-02, -1.37057252e-02, -4.11114816e-02,        -3.00862834e-01, -3.96239422e-02, -1.51828204e-01,         2.98889139e-01,  5.28285699e-02,  8.35186130e-01,        -7.79197860e-03, -1.37383950e-02, -2.72351782e-01,        -9.08388688e-02,  1.00320354e-02, -1.01245353e-01],       [-1.45674006e-03, -4.84560185e-02, -8.94892366e-02,        -5.06130294e-01, -8.13777706e-02, -2.89145012e-01,         4.87889485e-03, -1.91528539e-04, -5.55363839e-02,        -1.79175074e-02, -6.08035950e-02,  7.37889031e-01,        -1.92944458e-01,  7.46050278e-03, -2.33145503e-01],       [-5.57560005e-02, -1.18208057e-01, -1.05479505e-01,        -4.71985630e-01, -1.34702195e-01, -2.67772128e-01,        -1.86523893e-01, -8.19347681e-02, -4.03373496e-01,        -2.58849742e-02, -9.85750680e-02, -6.11010264e-01,        -1.75577211e-01, -1.97558237e-02, -2.00055628e-01],       [ 1.26860530e-03,  5.58675149e-03,  2.23386377e-03,         3.82460127e-03,  2.82184774e-03,  2.04019977e-03,         9.55725574e-03,  6.99556644e-03,  1.43683950e-02,         1.30654863e-03, -4.28830942e-04,  1.42528523e-02,        -1.20316041e-03, -9.99686724e-01, -2.94570032e-03]])" } ] },{ "input": [ { "name": "y", "value": "leftliglingualgyrus,rightententorhinalarea,rightmcggmiddlecingulategyrus,rightcalccalcarinecortex,rightopifgopercularpartoftheinferiorfrontalgyrus,rightbasalforebrain,rightventraldc,leftputamen,righttmptemporalpole,rightscasubcallosalarea,rightsogsuperioroccipitalgyrus,rightpcggposteriorcingulategyrus,leftcaudate,leftsplsuperiorparietallobule,leftinflatvent,leftcalccalcarinecortex,rightaorganteriororbitalgyrus,cerebellarvermallobulesviiix,opticchiasm,leftstgsuperiortemporalgyrus" }, { "name": "pathology", "value": "dementia" }, { "name": "dataset", "value": "adni, ppmi, edsd" }, { "name": "filter", "value": "" } ], "output": [ { "name": "n_obs", "value": "2071" }, { "name": "eigen_vals", "value": "array([6.30216241e-05, 3.97716849e-04, 8.16815266e-03, 1.26754200e-02,       2.19296748e-02, 2.74498918e-02, 5.96393975e-02, 6.59273420e-02,       7.55967129e-02, 9.52575668e-02, 1.02889316e-01, 1.12578590e-01,       1.20765406e-01, 1.51689071e-01, 1.99889832e-01, 2.33168429e-01,       3.53545969e-01, 4.40675577e-01, 7.35632590e-01, 4.43331736e+00])" }, { "name": "eigen_vecs", "value": "array([[-4.13850100e-05, -8.80583648e-03, -5.20571926e-05,         1.28341751e-03,  1.24088413e-04,  7.85756677e-03,         6.76645716e-03, -2.74389558e-03,  1.23188334e-03,         1.96212274e-02,  3.02089691e-04,  5.69502806e-04,         6.36091272e-04,  5.92556870e-05, -5.20589796e-04,        -1.43449484e-03, -1.52608591e-03,  8.32388110e-04,        -9.99706465e-01,  1.85364890e-04],       [ 3.41562552e-03,  5.19400747e-02, -5.66425766e-03,         5.90792331e-04, -2.03459416e-05, -9.92909751e-01,         7.45723115e-03,  1.52610006e-02,  1.33354892e-03,         1.04209967e-01,  1.84210647e-03,  2.27578405e-03,         1.74475712e-03,  4.22404373e-04, -4.84583963e-03,         9.82876992e-04, -1.17355940e-02,  4.93221360e-04,        -6.18181710e-03,  5.09167161e-03],       [ 9.72232778e-03, -7.76715845e-02,  5.51812494e-03,         3.94489812e-02,  4.55529391e-03, -1.06981087e-01,         4.18328330e-02, -8.89563614e-03,  3.71274965e-02,        -9.57250871e-01,  9.99209625e-04,  5.16263848e-02,         1.34821256e-02, -1.99918310e-03,  3.95713636e-02,        -4.27911822e-02,  2.33403752e-01, -1.22954022e-02,        -1.88270557e-02,  7.17321659e-03],       [ 2.34083561e-02, -9.75422904e-01, -2.21328607e-02,        -7.10874487e-03, -6.30213218e-03, -3.96831050e-02,         5.30967861e-02,  4.81572927e-02,  1.42170612e-01,         8.69888253e-02,  6.88062705e-03,  3.73182587e-02,         2.35251340e-03, -9.83933043e-03, -1.04985623e-01,        -3.76554546e-03, -6.74117630e-03, -7.07212652e-03,         1.04709972e-02,  1.20751069e-02],       [ 7.89424033e-03,  4.06482028e-03, -1.36223707e-01,        -2.86289300e-02, -1.56415820e-01,  1.24216121e-02,        -2.05282953e-02,  9.92897733e-03, -5.06236264e-02,         2.19715684e-01, -7.31902792e-03, -4.59004760e-02,        -8.72678225e-02, -1.18179643e-02,  2.94391555e-02,         2.42963175e-02,  9.44965741e-01, -1.47267786e-02,         2.50724340e-03,  3.24973426e-03],       [ 1.35571572e-03, -9.45060562e-03, -6.30516154e-03,        -7.20735810e-01, -2.42510488e-02, -6.72434898e-03,        -1.87488322e-02, -2.28198304e-02,  3.78674826e-03,        -6.01320213e-02,  2.00579613e-02,  2.48284153e-02,         6.75364515e-02, -1.25320935e-03,  6.69858592e-02,         6.81270255e-01, -2.44574913e-02,  1.49501296e-02,        -3.03409582e-03,  1.56374789e-02],       [ 1.03272951e-03,  1.25099990e-02,  4.87027895e-03,        -6.73734554e-02,  1.44497574e-01,  5.21146980e-03,        -5.82401328e-02,  5.58706184e-01, -5.00153010e-03,        -2.23413383e-02, -1.42430182e-04,  1.32313925e-01,        -7.82034648e-01, -2.55848154e-03,  1.15661068e-01,         1.17644824e-02, -5.11537040e-02, -1.12038760e-01,        -3.02935989e-03, -2.27591657e-02],       [ 2.11517124e-01,  2.20547513e-02,  1.27155422e-01,        -1.19756983e-01,  1.64788497e-01,  3.68458704e-03,         5.55760800e-01, -2.52222373e-02, -3.03829491e-02,         4.08791140e-03, -6.24028432e-03, -4.79321809e-01,        -2.95427321e-02,  2.22739893e-02, -9.55172125e-02,        -5.99569480e-02,  1.96719656e-02, -5.82471693e-01,         2.87769227e-03, -5.57208691e-02],       [-4.52889834e-02, -4.60375098e-02,  1.46668514e-01,         3.75946443e-02,  1.02271606e-02, -1.02537804e-02,        -2.26681240e-01,  9.40694055e-02,  1.34262253e-01,        -4.67769136e-02,  1.36396151e-01, -8.11424545e-01,        -9.29252151e-02,  5.96135030e-02,  1.46739339e-01,         4.28449541e-02, -8.57829245e-03,  4.21936383e-01,        -2.41918448e-03,  3.95777584e-02],       [-3.00498762e-01,  1.55694909e-02,  2.66573779e-01,         3.78604219e-01, -3.54530920e-01, -7.74131958e-04,         1.67699818e-01,  5.67494217e-02, -4.31927967e-02,        -2.58688816e-02, -4.60997256e-01, -6.18789343e-02,        -1.16181495e-01,  4.84448972e-02, -3.05693652e-01,         4.50901419e-01, -1.87718425e-02, -9.63878757e-03,         1.74001437e-05,  7.80097931e-02],       [-4.75213492e-02,  2.54408165e-02, -2.51118522e-01,         8.60035836e-03,  5.85149484e-01,  2.13859098e-03,         3.21448871e-01, -2.02768037e-01, -1.25865891e-01,        -2.41251691e-03, -9.34516236e-02,  1.43504785e-02,        -1.85704114e-01,  6.26370837e-03, -3.84351314e-01,         8.22010418e-02,  6.44630080e-02,  4.75559075e-01,         2.65298484e-03, -5.47442228e-02],       [-3.25141082e-01,  1.80559956e-02,  2.10218867e-01,        -7.64762696e-02, -3.43976106e-01,  4.19086370e-03,         4.78935093e-01, -2.27778603e-02, -5.24177918e-02,         1.18912090e-02,  6.31187065e-01,  1.21966031e-01,        -1.20473830e-01, -5.21552128e-02, -2.04105537e-02,        -8.96753027e-02, -1.56406281e-02,  2.22775150e-01,         3.72599010e-03, -6.27725848e-02],       [ 5.65640725e-01,  2.93578145e-02,  2.50817424e-01,        -3.07129099e-01, -3.72762299e-01, -8.13415764e-04,        -2.57663774e-02, -2.63777656e-02, -1.00290190e-01,        -2.84514507e-02, -2.16014636e-01,  2.61478349e-02,        -1.45510173e-01, -5.65268842e-04, -3.63357085e-01,        -2.90297520e-01, -2.91373975e-02,  2.83682853e-01,        -7.95180182e-04, -6.80085908e-02],       [-4.66091514e-02,  3.92891390e-03,  2.40951423e-01,         4.96237985e-02,  1.70192553e-01, -6.75686246e-03,        -4.76556179e-01, -9.85941378e-02, -1.60175847e-01,        -3.26550038e-02,  4.31299995e-01, -1.98051637e-02,        -6.04497257e-02, -7.15721112e-02, -5.89663856e-01,         1.00242660e-01,  6.15814975e-02, -2.78023493e-01,        -3.87349326e-03,  1.03375846e-01],       [-2.58059865e-03,  3.30732227e-02,  3.58591934e-01,         4.53357705e-02,  1.25018850e-01, -6.36410582e-03,        -8.53459696e-02, -4.01428602e-01,  5.30665234e-01,         4.27091213e-02, -4.60598626e-02,  1.17590751e-01,        -2.10185515e-01, -1.33851010e-02,  1.01013706e-01,         6.56950732e-02,  7.68457195e-02, -3.96943677e-02,         1.24679582e-03, -5.64286260e-01],       [ 5.93458324e-02, -1.15581137e-01,  4.39515452e-01,         1.96733582e-02,  1.68300173e-01, -1.18395749e-02,         1.04724967e-02, -4.25783062e-01, -3.62147485e-01,         3.73783029e-02, -8.69630236e-02,  9.08748615e-02,        -2.17328683e-01, -3.89416916e-02,  4.12180255e-01,        -9.25544988e-03,  3.80556542e-02,  3.06798840e-02,         2.20873637e-03,  4.58478610e-01],       [-1.59302966e-01,  6.57884189e-02, -3.65463402e-01,        -1.56561154e-01, -2.17604137e-01,  2.28671576e-04,        -2.87946780e-02, -3.88837314e-01,  4.36722312e-01,        -2.10799309e-02, -2.95750954e-02, -6.67522838e-02,        -3.30128605e-01,  1.57955391e-01, -1.39809784e-01,        -1.54535000e-01, -8.78961388e-02, -1.28507638e-01,         3.76683609e-04,  4.63400829e-01],       [ 4.80066258e-01, -4.19691613e-02, -3.62134922e-01,         3.73088895e-01, -2.28386636e-01, -5.05176318e-03,         4.96200615e-03, -2.48552269e-01, -1.99427017e-01,        -2.96383290e-02,  2.83619697e-01, -3.43515069e-02,        -2.18396381e-01,  1.22869828e-01,  1.23912845e-01,         3.74884222e-01, -1.14994824e-01, -2.76106963e-02,         1.21163968e-04, -1.68839212e-01],       [ 2.76191458e-01,  8.34040087e-02,  1.21468917e-02,         1.56803226e-01,  3.02460797e-02,  1.19757995e-02,         1.20889909e-01,  9.83185011e-02,  3.54262499e-01,         2.11252570e-02,  7.42707524e-02,  3.29842011e-02,         4.01480730e-02, -7.83920509e-01, -1.62667507e-02,         1.59341296e-01,  1.69746519e-02,  7.40002361e-02,         8.42408644e-04,  2.94233647e-01],       [-3.10551674e-01, -8.53357734e-02, -2.39272410e-01,        -1.45004692e-01, -1.67438675e-01, -1.68721979e-02,        -1.39453204e-01, -2.34004326e-01, -3.63219597e-01,        -5.08104784e-02, -1.78895432e-01, -1.96852260e-01,        -1.71806323e-01, -5.73758008e-01,  3.76307833e-02,        -1.45673979e-01, -1.03520820e-01, -1.02862003e-01,        -1.41752330e-03, -3.27957066e-01]])" } ] }]}
